#Coor		Free	+/-		Prob		+/-
-1.450000	8.876426	nan	0.000010	nan
-1.350000	2.229793	nan	0.007435	nan
-1.250000	0.000000	nan	0.069134	nan
-1.150000	0.023007	nan	0.067562	nan
-1.050000	0.155202	nan	0.059195	nan
-0.950000	0.041493	nan	0.066324	nan
-0.850000	0.600929	nan	0.037906	nan
-0.750000	0.212076	nan	0.055923	nan
-0.650000	0.941615	nan	0.026962	nan
-0.550000	1.310924	nan	0.018636	nan
-0.450000	0.593362	nan	0.038194	nan
-0.350000	1.305129	nan	0.018745	nan
-0.250000	3.035333	nan	0.003322	nan
-0.150000	2.135762	nan	0.008168	nan
-0.050000	1.090937	nan	0.023222	nan
0.050000	1.127608	nan	0.022386	nan
0.150000	2.156291	nan	0.008003	nan
0.250000	2.948548	nan	0.003624	nan
0.350000	1.278181	nan	0.019257	nan
0.450000	0.611875	nan	0.037494	nan
0.550000	1.317888	nan	0.018507	nan
0.650000	0.949605	nan	0.026748	nan
0.750000	0.209981	nan	0.056040	nan
0.850000	0.616628	nan	0.037316	nan
0.950000	0.031901	nan	0.066963	nan
1.050000	0.164211	nan	0.058665	nan
1.150000	0.002243	nan	0.068979	nan
1.250000	0.010357	nan	0.068422	nan
1.350000	2.316195	nan	0.006820	nan
1.450000	7.492190	nan	0.000039	nan
#Window		Free	+/-	
#0	0.000000	nan
#1	-0.752414	nan
#2	-0.909019	nan
#3	-0.646203	nan
#4	-0.217696	nan
#5	0.005396	nan
#6	-0.215525	nan
#7	-0.644108	nan
#8	-0.908314	nan
#9	-0.751717	nan
#10	0.002881	nan
