#Coor		Free	+/-		Prob		+/-
-1.400000	2.901873	nan	0.007598	nan
-1.200000	0.008051	nan	0.137239	nan
-1.000000	0.093333	nan	0.126020	nan
-0.800000	0.385048	nan	0.094135	nan
-0.600000	1.123204	nan	0.044996	nan
-0.400000	0.909689	nan	0.055706	nan
-0.200000	2.486658	nan	0.011509	nan
0.000000	1.117567	nan	0.045250	nan
0.200000	2.475777	nan	0.011635	nan
0.400000	0.911575	nan	0.055601	nan
0.600000	1.129783	nan	0.044701	nan
0.800000	0.388379	nan	0.093822	nan
1.000000	0.090200	nan	0.126416	nan
1.200000	0.000000	nan	0.138349	nan
1.400000	2.980522	nan	0.007023	nan
#Window		Free	+/-	
#0	0.000000	nan
#1	-0.758823	nan
#2	-0.904409	nan
#3	-0.623084	nan
#4	-0.200245	nan
#5	0.009151	nan
#6	-0.198916	nan
#7	-0.622135	nan
#8	-0.905605	nan
#9	-0.761397	nan
#10	-0.001726	nan
