#Coor		Free	+/-		Prob		+/-
-1.450000	4.301686	nan	0.001154	nan
-1.350000	1.480235	nan	0.019390	nan
-1.250000	1.282530	nan	0.023629	nan
-1.150000	0.464871	nan	0.053523	nan
-1.050000	0.050003	nan	0.081043	nan
-0.950000	0.298980	nan	0.063181	nan
-0.850000	0.448498	nan	0.054407	nan
-0.750000	0.918667	nan	0.033999	nan
-0.650000	0.699911	nan	0.042312	nan
-0.550000	1.332141	nan	0.022485	nan
-0.450000	1.198891	nan	0.025690	nan
-0.350000	1.384227	nan	0.021344	nan
-0.250000	1.572597	nan	0.017679	nan
-0.150000	2.470611	nan	0.007202	nan
-0.050000	1.650034	nan	0.016362	nan
0.050000	1.664188	nan	0.016132	nan
0.150000	2.482511	nan	0.007117	nan
0.250000	1.566278	nan	0.017791	nan
0.350000	1.338575	nan	0.022341	nan
0.450000	1.180493	nan	0.026167	nan
0.550000	1.279585	nan	0.023698	nan
0.650000	0.664085	nan	0.043856	nan
0.750000	0.880794	nan	0.035311	nan
0.850000	0.433858	nan	0.055209	nan
0.950000	0.187578	nan	0.070627	nan
1.050000	0.000000	nan	0.085199	nan
1.150000	0.439394	nan	0.054904	nan
1.250000	1.133280	nan	0.027432	nan
1.350000	1.372498	nan	0.021596	nan
1.450000	2.223554	nan	0.009221	nan
#Window		Free	+/-	
#0	0.000000	nan
#1	-0.477181	nan
#2	-0.689131	nan
#3	-0.672618	nan
#4	-0.484913	nan
#5	-0.207254	nan
#6	0.049946	nan
#7	0.153005	nan
#8	0.031163	nan
#9	-0.240570	nan
#10	-0.529212	nan
#11	-0.726914	nan
#12	-0.755341	nan
#13	-0.561224	nan
#14	-0.112959	nan
#15	0.606975	nan
