#Coor		Free	+/-		Prob		+/-
-1.400000	1.996569	nan	0.021186	nan
-1.200000	0.721301	nan	0.075840	nan
-1.000000	0.093332	nan	0.142109	nan
-0.800000	0.574550	nan	0.087827	nan
-0.600000	0.878419	nan	0.064813	nan
-0.400000	1.178836	nan	0.047995	nan
-0.200000	1.811296	nan	0.025499	nan
0.000000	1.533117	nan	0.033677	nan
0.200000	1.809200	nan	0.025552	nan
0.400000	1.142530	nan	0.049769	nan
0.600000	0.829057	nan	0.068092	nan
0.800000	0.538247	nan	0.091074	nan
1.000000	0.000000	nan	0.156011	nan
1.200000	0.663806	nan	0.080328	nan
1.400000	1.641148	nan	0.030228	nan
#Window		Free	+/-	
#0	0.000000	nan
#1	-0.464095	nan
#2	-0.676918	nan
#3	-0.671390	nan
#4	-0.501053	nan
#5	-0.243576	nan
#6	-0.005496	nan
#7	0.087841	nan
#8	-0.027226	nan
#9	-0.282779	nan
#10	-0.553931	nan
#11	-0.736367	nan
#12	-0.754305	nan
#13	-0.556486	nan
#14	-0.112728	nan
#15	0.594631	nan
